# relative_time, cycles_done, cur_path, paths_total, pending_total, pending_favs, map_size, unique_crashes, unique_hangs, max_depth, execs_per_sec, total_execs, edges_found
61, 0, 9743, 10128, 4133, 92, 22.53%, 0, 0, 2, 1015.39, 138800, 1017
66, 0, 9743, 10131, 4136, 92, 22.55%, 0, 0, 2, 1093.09, 144536, 1018
71, 0, 9743, 10131, 4136, 92, 22.55%, 0, 0, 2, 919.12, 149006, 1018
76, 0, 9743, 10134, 4139, 92, 23.04%, 0, 0, 2, 958.83, 153668, 1040
81, 0, 3184, 10140, 4144, 103, 23.08%, 0, 0, 2, 1099.62, 159622, 1042
86, 0, 10133, 10171, 4173, 106, 23.86%, 0, 0, 3, 885.70, 163762, 1077
91, 0, 10133, 10175, 4177, 106, 23.88%, 0, 0, 3, 985.99, 168572, 1078
96, 0, 10133, 10176, 4178, 106, 23.88%, 0, 0, 3, 1086.17, 174182, 1078
101, 0, 10133, 10177, 4179, 106, 23.90%, 0, 0, 3, 894.42, 178481, 1079
106, 0, 10133, 10178, 4180, 106, 23.93%, 0, 0, 3, 911.36, 183039, 1080
111, 0, 10133, 10180, 4182, 106, 24.01%, 0, 0, 3, 848.08, 187209, 1084
116, 0, 10183, 10190, 4189, 115, 24.01%, 0, 0, 3, 831.21, 191379, 1084
121, 0, 22, 10192, 4189, 115, 24.06%, 0, 0, 4, 862.13, 195923, 1086
126, 0, 10131, 10194, 4188, 112, 24.06%, 0, 0, 4, 828.20, 199946, 1086
131, 0, 7259, 10197, 4188, 110, 24.08%, 0, 0, 4, 799.97, 204060, 1087
137, 0, 10026, 10199, 4186, 108, 24.15%, 0, 0, 4, 815.15, 208131, 1090
142, 0, 1961, 10209, 4192, 104, 24.21%, 0, 0, 4, 835.38, 212395, 1093
147, 0, 1961, 10215, 4198, 104, 24.28%, 0, 0, 4, 849.21, 216699, 1096
152, 0, 1961, 10217, 4200, 104, 24.32%, 0, 0, 4, 814.13, 220683, 1098
157, 0, 1961, 10219, 4202, 104, 24.39%, 0, 0, 4, 809.02, 224827, 1101
162, 0, 1961, 10222, 4205, 104, 24.44%, 0, 0, 4, 839.44, 229123, 1103
167, 0, 1961, 10222, 4205, 104, 24.44%, 0, 0, 4, 840.22, 233363, 1103
172, 0, 1961, 10222, 4205, 104, 24.44%, 0, 0, 4, 813.11, 237459, 1103
177, 0, 1961, 10227, 4210, 104, 24.44%, 0, 0, 4, 801.85, 241564, 1103
182, 0, 9734, 10232, 4214, 108, 24.52%, 0, 0, 4, 828.63, 245787, 1107
187, 0, 10120, 10235, 4212, 103, 24.52%, 0, 0, 4, 797.82, 249807, 1107
192, 0, 10229, 10242, 4215, 104, 24.61%, 0, 0, 4, 715.93, 253326, 1111
197, 0, 17, 10249, 4220, 102, 24.61%, 0, 0, 4, 674.79, 256660, 1111
202, 0, 9741, 10258, 4227, 100, 24.63%, 0, 0, 4, 756.20, 260614, 1112
207, 0, 9741, 10261, 4230, 100, 24.66%, 0, 0, 4, 796.70, 264823, 1113
213, 0, 9741, 10261, 4230, 100, 24.66%, 0, 0, 4, 806.70, 269034, 1113
218, 0, 9741, 10262, 4231, 100, 24.68%, 0, 0, 4, 805.20, 273154, 1114
223, 0, 9741, 10262, 4231, 100, 24.68%, 0, 0, 4, 819.66, 277266, 1114
228, 0, 9741, 10262, 4231, 100, 24.68%, 0, 0, 4, 821.24, 281410, 1114
233, 0, 9741, 10262, 4231, 100, 24.68%, 0, 0, 4, 809.88, 285650, 1114
238, 0, 9741, 10262, 4231, 100, 24.68%, 0, 0, 4, 825.08, 289762, 1114
243, 0, 10162, 10262, 4228, 100, 24.68%, 0, 0, 4, 804.15, 294045, 1114
248, 0, 2644, 10276, 4240, 98, 24.86%, 0, 0, 4, 793.50, 298056, 1122
253, 0, 2644, 10281, 4245, 98, 24.88%, 0, 0, 4, 797.47, 302086, 1123
258, 0, 2644, 10284, 4248, 98, 24.92%, 0, 0, 4, 807.51, 306143, 1125
263, 0, 2644, 10285, 4249, 98, 24.94%, 0, 0, 4, 799.59, 309967, 1126
