# relative_time, cycles_done, cur_path, paths_total, pending_total, pending_favs, map_size, unique_crashes, unique_hangs, max_depth, execs_per_sec, total_execs, edges_found
60, 0, 2648, 10143, 4155, 75, 23.50%, 0, 0, 4, 815.15, 139767, 1061
65, 0, 10061, 10144, 4152, 89, 23.53%, 0, 0, 4, 776.21, 143575, 1062
70, 0, 9353, 10208, 4213, 93, 24.97%, 0, 0, 4, 870.58, 147822, 1127
75, 0, 9353, 10217, 4222, 93, 25.12%, 0, 0, 4, 842.62, 152129, 1134
80, 0, 9353, 10222, 4227, 93, 25.23%, 0, 0, 4, 951.10, 157081, 1139
85, 0, 9353, 10222, 4227, 93, 25.23%, 0, 0, 4, 1058.35, 162487, 1139
91, 0, 9353, 10223, 4228, 93, 25.25%, 0, 0, 4, 906.94, 167115, 1140
96, 0, 9353, 10226, 4231, 93, 25.32%, 0, 0, 4, 821.09, 171033, 1143
101, 0, 9353, 10229, 4234, 93, 25.39%, 0, 0, 4, 792.53, 174961, 1146
106, 0, 9353, 10230, 4235, 93, 25.41%, 0, 0, 4, 814.00, 179209, 1147
111, 0, 10109, 10235, 4237, 138, 25.43%, 0, 0, 4, 816.66, 183523, 1148
116, 0, 10181, 10256, 4255, 146, 26.43%, 0, 0, 4, 1031.86, 189078, 1193
121, 0, 9738, 10268, 4264, 147, 26.76%, 0, 0, 5, 1056.67, 194488, 1208
126, 0, 9738, 10276, 4272, 147, 26.87%, 0, 0, 5, 952.11, 199555, 1213
131, 0, 9738, 10279, 4275, 147, 26.92%, 0, 0, 5, 829.40, 203612, 1215
136, 0, 9738, 10280, 4276, 147, 26.92%, 0, 0, 5, 903.27, 208077, 1215
141, 0, 9738, 10282, 4278, 147, 26.92%, 0, 0, 5, 1119.81, 214008, 1215
146, 0, 9738, 10285, 4281, 147, 26.98%, 0, 0, 5, 1157.17, 219894, 1218
152, 0, 9738, 10287, 4283, 147, 27.03%, 0, 0, 5, 933.13, 224620, 1220
157, 0, 2650, 10291, 4286, 156, 27.03%, 0, 0, 5, 826.80, 228643, 1220
162, 0, 10188, 10295, 4286, 153, 27.03%, 0, 0, 5, 820.45, 233030, 1220
167, 0, 0, 10315, 4302, 149, 27.76%, 0, 0, 5, 796.82, 236972, 1253
172, 0, 0, 10345, 4332, 149, 28.02%, 0, 0, 5, 1046.58, 242316, 1265
177, 0, 0, 10350, 4337, 149, 28.07%, 0, 0, 5, 1017.11, 247596, 1267
182, 0, 0, 10350, 4337, 149, 28.07%, 0, 0, 5, 864.75, 251925, 1267
187, 0, 0, 10354, 4341, 149, 28.09%, 0, 0, 5, 902.28, 256241, 1268
192, 0, 0, 10355, 4342, 149, 28.11%, 0, 0, 5, 889.89, 260974, 1269
197, 0, 0, 10355, 4342, 149, 28.11%, 0, 0, 5, 788.65, 264706, 1269
202, 0, 0, 10355, 4342, 149, 28.11%, 0, 0, 5, 747.13, 268522, 1269
207, 0, 10341, 10356, 4342, 173, 28.13%, 0, 0, 5, 758.28, 272335, 1270
212, 0, 10332, 10357, 4339, 170, 28.16%, 0, 0, 5, 981.10, 277688, 1271
217, 0, 10217, 10376, 4354, 172, 28.51%, 0, 0, 5, 1015.12, 282788, 1287
223, 0, 10310, 10376, 4352, 173, 28.51%, 0, 0, 5, 820.08, 286662, 1287
228, 0, 10218, 10377, 4351, 171, 28.51%, 0, 0, 5, 730.31, 290102, 1287
233, 0, 10360, 10384, 4357, 170, 28.53%, 0, 0, 5, 991.58, 295147, 1288
238, 0, 10360, 10387, 4360, 170, 28.56%, 0, 0, 5, 893.66, 299548, 1289
243, 0, 10360, 10388, 4361, 170, 28.58%, 0, 0, 5, 798.18, 303297, 1290
248, 0, 10360, 10389, 4362, 170, 28.60%, 0, 0, 5, 1035.17, 308850, 1291
253, 0, 10360, 10390, 4363, 170, 28.64%, 0, 0, 5, 1076.81, 314299, 1293
258, 0, 10360, 10390, 4363, 170, 28.64%, 0, 0, 5, 1092.84, 319948, 1293
263, 0, 10360, 10390, 4363, 170, 28.64%, 0, 0, 5, 905.34, 324646, 1293
264, 0, 10360, 10390, 4363, 170, 28.64%, 0, 0, 5, 888.58, 325148, 1293
